20 0.000000000046361203689643
21 0.00000000110972001401606
22 0.0000000154873011141195
23 0.000000142602619677088
24 0.000000938848201947487
25 0.00000470123358963564
26 0.0000187922287481156
27 0.0000623035939650748
28 0.000176643090216155
29 0.000438974721819202
30 0.000975558325866174
31 0.00197096651647857
32 0.00366956327281094
33 0.00636737824482535
34 0.0103948586674518
35 0.0160930493494994
36 0.0237869460099482
37 0.0337599290449583
38 0.0462325090042996
39 0.0613474683837366
40 0.0791622354759236
41 0.0996482450404846
42 0.122696269333282
43 0.148126272747476
44 0.175700211838236
45 0.205136292326487
46 0.236123421707569
47 0.268334886968416
48 0.301440586610932
49 0.335117418942314
50 0.369057655258714
51 0.40297530039901
52 0.436610565733825
53 0.469732657282939
54 0.502141122741597
55 0.533666014514297
56 0.564167119472555
57 0.593532486912301
58 0.62167645953027
59 0.64853738225963
60 0.67407513340811
61 0.698268593653697
62 0.721113142236954
63 0.742618246740006
64 0.762805193352851
65 0.781704988420476
66 0.799356449095091
67 0.815804490749848
68 0.831098611068705
69 0.845291565033355
70 0.85843822102413
71 0.870594585612113
72 0.881816982929776
73 0.892161374520848
74 0.901682803670949
75 0.910434950895747
76 0.918469786246154
77 0.92583730563297
78 0.932585339277136
79 0.938759421463969
80 0.944402711865192
81 0.9495559597562
82 0.954257503473547
83 0.958543298412932
84 0.962446967751407
85 0.965999870884275
86 0.969231185295974
87 0.97216799823648
88 0.974835405153623
89 0.977256612341435
90 0.979453041710352
91 0.981444435972208
92 0.983248962866855
93 0.984883317343543
94 0.986362820853923
95 0.98770151711975
96 0.988912263911474
97 0.990006820518261
98 0.990995930709246
99 0.99188940108345
100 0.992696174784872
101 0.993424400622485
102 0.994081497684563
103 0.994674215575144
104 0.99520869042921
105 0.995690496883999
106 0.996124696198095
107 0.996515880718754
108 0.996868214902334
109 0.997185473093549
110 0.997471074267308
111 0.997728113932738
112 0.997959393393112
113 0.998167446548329
114 0.99835456441853
115 0.998522817558855
116 0.998674076526326
117 0.998810030550709
118 0.998932204551996
119 0.999041974638114
120 0.999140582207571
121 0.999229146773171
122 0.999308677614651
123 0.999380084360197
124 0.999444186589304
125 0.999501722542288
126 0.999553357015135
127 0.999599688512026
128 0.999641255722042
129 0.999678543381033
130 0.999711987574578
131 0.999741980533184
132 0.999768874966505
133 0.999792987979331
134 0.999814604608305
135 0.999833981014941
136 0.999851347367306
137 0.999866910439839
138 0.999880855958111
139 0.99989335071288
140 0.99990454446557
141 0.999914571665249
142 0.999923552995326
143 0.999931596766474
144 0.999938800170748
145 0.99994525041044
146 0.999951025713953
147 0.999956196249765
148 0.999960824948547
149 0.999964968242487
150 0.999968676730022
151 0.999971995773395
152 0.999974966035699
153 0.999977623963462
154 0.999980002220206
155 0.999982130075899
156 0.999984033756715
157 0.999985736759109
158 0.99998726013179
159 0.999988622728843
160 0.999989841436906
161 0.999990931379044
162 0.999991906097674
163 0.999992777718675
164 0.999993557098598
165 0.999994253956695
166 0.999994876993327
167 0.999995433996127
168 0.999995931935192
169 0.999996377048409
170 0.99999677491794
171 0.999997130538778
172 0.999997448380169
173 0.999997732440662
174 0.999997986297428
175 0.999998213150441
176 0.999998415862052
177 0.999998596992443
178 0.999998758831375
179 0.999998903426616
180 0.9999990326094
181 0.999999148017225
182 0.999999251114256
183 0.999999343209596
184 0.999999425473639
185 0.999999498952705
186 0.999999564582143
187 0.999999623198051
188 0.999999675547767
189 0.999999722299257
190 0.999999764049513
191 0.999999801332063
192 0.999999834623701
193 0.999999864350488
194 0.999999890893143
195 0.99999991459184
196 0.999999935750521
197 0.999999954640737
198 0.999999971505089
199 0.999999986560308
200 1
